(((":error" .
   [2 0 0 0 0 0])
  ("end" .
   [2 0 0])
  ("event:" .
   [1 0 0 0 0 0])
  ("event" .
   [1 0 0 0 0])
  ("conn" .
   [1 0 0 0])
  ("conn:" .
   [1 0 0 0 0])
  ("intake" .
   [1 0 0 0 0 0])
  ("defp" .
   [3 0 0 0])
  ("respond" .
   [1 0 0 0 0 0 0])
  ("check_http_connection" .
   [0 0 0 0 0 0 0 1 0 0 0 0 0 0 0 0 0 0 0 0 0])
  (":ok" .
   [2 0 0])
  ("check_api_response" .
   [0 0 0 0 0 2 0 0 0 0 0 0 0 0 0 0 0 0])
  ("do" .
   [1 0])
  ("error" .
   [3 0 0 0 0])
  ("do:" .
   [1 0 0])
  ("response" .
   [1 0 0 0 0 0 0 0])))
